Running EGameplay explorer...
=== EGameplay Explorer ===
Found 4 EGameplay, 57 ECfgComponent
Matched pairs (by Outer): 4

--- ECfgComponent->EGameplay Matches (live only) ---
  (45 CDO ECfgComponents filtered out, 9 non-EGameplay)
  ECfg 0x1CE6C503100 -> Outer 0x1CE62228100 name='EGameplay' class='EGameplay'
  ECfg 0x1CE6B6AD780 -> Outer 0x1CE677388F0 name='EGameplay' class='EGameplay'
  ECfg 0x1CE6E67C100 -> Outer 0x1CE6BB96930 name='EGameplay' class='EGameplay'

(Filtered out 1 CDO/Default__ objects)
Live EGameplay instances: 3

--- EGameplay #0: EGameplay at 0x1CE62228100 ---
  Class: 'EGameplay'
  Position: (0.0, 0.0, 0.0)
  ECfgComponent at 0x1CE6C503100
  CfgInfo raw (ECfg+0x120, 32 bytes):
    00 00 00 00 00 00 00 00 00 00 00 00 00 00 00 00 00 00 00 00 00 00 00 00 00 00 00 00 00 00 80 3F
  CfgInfo.ID = 0x0 (0) -> UNKNOWN
  CfgInfo.Type = 0x0 (0)
  CfgInfo.ExtendId = 0x0 (0)
  ECfgComponent memory (ECfg+0x0, 256 bytes):
    +0x000: 08 A4 7A 4C F6 7F 00 00 08 00 04 00 F3 4E 02 00  ..zL.........N..
    +0x010: 00 16 0F 5A CD 01 00 00 52 12 01 00 00 00 00 00  ...Z....R.......
    +0x020: 00 81 22 62 CE 01 00 00 D0 A8 7A 4C F6 7F 00 00  .."b......zL....
    +0x030: 68 61 7A 4C F6 7F 00 00 02 00 0C 00 00 00 00 00  hazL............
    +0x040: 00 00 00 00 00 00 00 00 00 00 00 00 00 00 00 00  ................
    +0x050: 00 00 00 00 00 00 00 00 00 00 00 00 00 00 00 00  ................
    +0x060: 00 00 00 00 00 00 00 00 00 00 00 00 00 00 00 00  ................
    +0x070: 00 00 00 00 00 00 00 00 00 00 00 00 00 00 00 00  ................
    +0x080: 00 00 00 00 00 00 00 00 FF FF FF FF FF FF FF FF  ................
    +0x090: 01 06 42 05 00 00 00 00 00 00 00 00 00 00 00 00  ..B.............
    +0x0A0: 00 00 00 00 00 00 00 00 00 81 22 62 CE 01 00 00  .........."b....
    +0x0B0: 00 6E C8 33 CE 01 00 00 00 00 00 00 00 00 00 00  .n.3............
    +0x0C0: 00 81 22 62 CE 01 00 00 00 00 00 00 00 00 00 00  .."b............
    +0x0D0: 00 00 00 00 00 00 00 00 00 00 00 00 00 00 00 00  ................
    +0x0E0: 00 00 00 00 00 00 00 00 00 00 00 00 00 00 00 00  ................
    +0x0F0: 00 00 00 00 00 00 00 00 00 00 00 00 80 00 00 00  ................
  ECfgComponent memory (ECfg+0x100, 256 bytes):
    +0x100: FF FF FF FF 00 00 00 00 00 00 00 00 00 00 00 00  ................
    +0x110: 00 00 00 00 00 00 00 00 00 00 00 00 00 00 00 00  ................
    +0x120: 00 00 00 00 00 00 00 00 00 00 00 00 00 00 00 00  ................
    +0x130: 00 00 00 00 00 00 00 00 00 00 00 00 00 00 80 3F  ...............?
    +0x140: 00 00 00 00 00 00 00 00 00 00 00 00 00 00 00 00  ................
    +0x150: 00 00 00 00 00 00 00 00 00 00 00 00 00 00 00 00  ................
    +0x160: 00 00 00 00 00 00 00 00 00 00 00 00 00 00 00 00  ................
    +0x170: 00 00 00 00 00 00 00 00 00 00 00 00 80 00 00 00  ................
    +0x180: FF FF FF FF 00 00 00 00 00 00 00 00 00 00 00 00  ................
    +0x190: 00 00 00 00 00 00 00 00 00 00 00 00 00 00 00 00  ................
    +0x1A0: 00 00 00 00 00 00 00 00 00 00 00 00 00 00 00 00  ................
    +0x1B0: 00 00 00 00 00 00 00 00 00 00 00 00 00 00 00 00  ................
    +0x1C0: 00 00 00 00 00 00 00 00 00 00 00 00 80 00 00 00  ................
    +0x1D0: FF FF FF FF 00 00 00 00 00 00 00 00 00 00 00 00  ................
    +0x1E0: 00 00 00 00 00 00 00 00 00 00 00 00 00 00 00 00  ................
    +0x1F0: 00 00 00 00 00 00 00 00 00 00 00 00 00 00 00 00  ................
  ECfgComponent memory (ECfg+0x200, 64 bytes):
    +0x200: 00 00 00 00 00 00 00 00 00 00 00 00 00 00 00 00  ................
    +0x210: 00 00 00 00 00 00 00 00 00 00 00 00 80 00 00 00  ................
    +0x220: FF FF FF FF 00 00 00 00 00 00 00 00 00 00 00 00  ................
    +0x230: 00 00 00 00 00 00 00 00 00 00 00 00 00 00 00 00  ................
  EGameplay memory (actor+0x200, 512 bytes):
    +0x200: 00 00 00 00 00 00 00 00 00 00 00 00 00 00 00 00  ................
    +0x210: 00 00 00 00 00 00 00 00 00 00 00 00 00 00 00 00  ................
    +0x220: E8 CE 7C 4C F6 7F 00 00 10 00 00 00 00 00 80 42  ..|L...........B
    +0x230: 00 00 00 00 00 00 00 00 00 00 00 00 00 00 00 00  ................
    +0x240: 00 00 00 00 00 00 00 00 00 00 00 00 00 00 00 00  ................
    +0x250: 00 00 00 00 00 00 00 00 00 00 00 00 00 00 00 00  ................
    +0x260: 0A D7 2F 41 00 00 00 00 00 00 00 00 00 00 00 00  ../A............
    +0x270: 00 00 00 00 00 00 00 00 00 00 00 00 00 00 00 00  ................
    +0x280: 00 00 00 00 00 00 00 00 C0 37 EB 34 CE 01 00 00  .........7.4....
    +0x290: 02 00 00 00 04 00 00 00 03 00 00 00 00 00 00 00  ................
    +0x2A0: 00 00 00 00 00 00 00 00 00 00 00 00 00 00 00 00  ................
    +0x2B0: 02 00 00 00 80 00 00 00 FF FF FF FF 00 00 00 00  ................
    +0x2C0: 01 00 00 00 00 00 00 00 00 00 00 00 00 00 00 00  ................
    +0x2D0: 01 00 00 00 00 00 00 00 00 00 00 00 00 00 00 00  ................
    +0x2E0: 00 00 00 00 00 00 00 00 00 00 00 00 00 00 00 00  ................
    +0x2F0: 00 00 00 00 00 00 00 00 00 00 00 00 00 00 00 00  ................
    +0x300: 00 00 00 00 00 00 00 00 00 00 00 00 00 00 00 00  ................
    +0x310: 00 00 00 00 00 00 00 00 00 00 00 00 00 00 00 00  ................
    +0x320: 00 31 50 6C CE 01 00 00 00 00 00 00 00 00 00 00  .1Pl............
    +0x330: 00 00 00 00 00 00 00 00 00 00 00 00 00 00 00 00  ................
    +0x340: 00 00 00 00 00 00 00 00 00 00 00 00 00 00 00 00  ................
    +0x350: 00 00 00 00 00 00 00 00 00 00 00 00 00 00 00 00  ................
    +0x360: 00 00 00 00 00 00 00 00 00 00 00 00 00 00 00 00  ................
    +0x370: 00 00 00 00 00 00 00 00 00 00 00 00 00 00 00 00  ................
    +0x380: 00 00 00 00 00 00 00 00 00 00 00 00 00 00 00 00  ................
    +0x390: 00 00 00 00 00 00 00 00 00 00 00 00 00 00 00 00  ................
    +0x3A0: 00 00 00 00 00 00 00 00 00 00 00 00 00 00 00 00  ................
    +0x3B0: 00 00 00 00 00 00 00 00 00 00 00 00 00 00 00 00  ................
    +0x3C0: 00 00 00 00 00 00 00 00 00 00 00 00 00 00 00 00  ................
    +0x3D0: 00 00 00 00 00 00 00 00 00 00 00 00 00 00 00 00  ................
    +0x3E0: 00 00 00 00 00 00 00 00 00 00 00 00 00 00 00 00  ................
    +0x3F0: 00 00 00 00 00 00 00 00 00 00 00 00 00 00 00 00  ................
  EGameplay memory (actor+0x400, 512 bytes):
    +0x400: 00 00 00 00 00 00 00 00 00 00 00 00 00 00 00 00  ................
    +0x410: 00 00 00 00 00 00 00 00 00 00 00 00 00 00 00 00  ................
    +0x420: 00 00 00 00 00 00 00 00 00 00 00 00 00 00 00 00  ................
    +0x430: 00 00 00 00 00 00 00 00 00 00 00 00 00 00 00 00  ................
    +0x440: 00 00 00 00 00 00 00 00 00 00 00 00 00 00 00 00  ................
    +0x450: 00 00 00 00 00 00 00 00 00 00 00 00 00 00 00 00  ................
    +0x460: 00 00 00 00 00 00 00 00 00 00 00 00 00 00 00 00  ................
    +0x470: 00 00 00 00 00 00 00 00 00 00 00 00 00 00 00 00  ................
    +0x480: 00 00 00 00 00 00 00 00 00 00 00 00 00 00 00 00  ................
    +0x490: 00 00 00 00 00 00 00 00 00 00 00 00 00 00 00 00  ................
    +0x4A0: 00 00 00 00 00 00 00 00 00 00 00 00 00 00 00 00  ................
    +0x4B0: 00 00 00 00 00 00 00 00 00 00 00 00 00 00 00 00  ................
    +0x4C0: 00 00 00 00 00 00 00 00 00 00 00 00 00 00 00 00  ................
    +0x4D0: 00 00 00 00 00 00 00 00 00 00 00 00 00 00 00 00  ................
    +0x4E0: 00 2B 44 85 CE 01 00 00 00 00 00 00 00 00 00 00  .+D.............
    +0x4F0: 00 00 00 00 00 00 00 00 00 00 00 00 00 00 00 00  ................
    +0x500: 00 00 00 00 00 00 00 00 00 00 00 00 00 00 00 00  ................
    +0x510: 00 00 00 00 00 00 00 00 00 00 00 00 00 00 00 00  ................
    +0x520: 00 00 00 00 00 00 00 00 00 00 00 00 00 00 00 00  ................
    +0x530: 00 00 00 00 00 00 00 00 00 00 00 00 00 00 00 00  ................
    +0x540: 00 00 00 00 00 00 00 00 00 00 00 00 00 00 00 00  ................
    +0x550: 00 00 00 00 00 00 00 00 00 00 00 00 00 00 00 00  ................
    +0x560: 00 00 00 00 00 00 00 00 00 00 00 00 00 00 00 00  ................
    +0x570: 00 00 00 00 00 00 00 00 00 00 00 00 00 00 00 00  ................
    +0x580: 00 00 00 00 00 00 00 00 00 00 00 00 00 00 00 00  ................
    +0x590: 00 00 00 00 00 00 00 00 00 00 00 00 00 00 00 00  ................
    +0x5A0: 00 00 00 00 00 00 00 00 00 00 00 00 00 00 00 00  ................
    +0x5B0: 00 00 00 00 00 00 00 00 00 00 00 00 00 00 00 00  ................
    +0x5C0: 00 00 00 00 00 00 00 00 00 00 00 00 00 00 00 00  ................
    +0x5D0: 00 00 00 00 00 00 00 00 00 00 00 00 00 00 00 00  ................
    +0x5E0: 00 00 00 00 00 00 00 00 00 00 00 00 00 00 00 00  ................
    +0x5F0: 00 00 00 00 00 00 00 00 00 00 00 00 00 00 00 00  ................
  EGameplay memory (actor+0x600, 296 bytes):
    +0x600: FF FF FF FF 00 00 00 00 01 01 00 00 83 C5 0C 3E  ...............>
    +0x610: 00 00 00 00 01 00 00 00 00 00 00 00 00 01 00 00  ................
    +0x620: 9A 88 88 3D 00 00 00 00 00 00 00 00 00 00 00 00  ...=............
    +0x630: 00 00 00 00 00 00 00 00 00 00 00 00 00 00 00 00  ................
    +0x640: 00 00 00 00 00 00 00 00 00 00 00 00 00 00 00 00  ................
    +0x650: 00 00 00 00 00 00 00 00 00 00 00 00 00 00 00 00  ................
    +0x660: 00 00 00 00 00 00 00 00 00 00 00 00 00 00 00 00  ................
    +0x670: 00 00 00 00 00 00 00 00 00 00 00 00 00 00 00 00  ................
    +0x680: 00 00 00 00 00 00 00 00 00 00 00 00 00 00 00 00  ................
    +0x690: 00 00 00 00 00 00 00 00 00 00 00 00 00 00 00 00  ................
    +0x6A0: 00 00 00 00 00 00 00 00 00 00 00 00 00 00 00 00  ................
    +0x6B0: 00 00 00 00 00 00 00 00 00 00 00 00 00 00 00 00  ................
    +0x6C0: 00 00 00 00 00 00 00 00 00 00 00 00 00 00 00 00  ................
    +0x6D0: 00 00 00 00 00 00 00 00 00 00 00 00 00 00 00 00  ................
    +0x6E0: 00 00 00 00 00 00 00 00 00 00 00 00 00 00 00 00  ................
    +0x6F0: 00 00 00 00 00 00 00 00 00 00 00 00 00 00 00 00  ................
    +0x700: 00 00 00 00 00 00 00 00 00 00 00 00 00 00 00 00  ................
    +0x710: 00 01 00 00 0C 00 00 00 00 00 00 00 00 00 00 00  ................
    +0x720: 01 00 00 00 00 00 00 00                          ........

--- EGameplay #1: EGameplay at 0x1CE677388F0 ---
  Class: 'EGameplay'
  Position: (0.0, 0.0, 0.0)
  ECfgComponent at 0x1CE6B6AD780
  CfgInfo raw (ECfg+0x120, 32 bytes):
    00 00 00 00 00 00 00 00 00 00 00 00 00 00 00 00 00 00 00 00 00 00 00 00 00 00 00 00 00 00 80 3F
  CfgInfo.ID = 0x0 (0) -> UNKNOWN
  CfgInfo.Type = 0x0 (0)
  CfgInfo.ExtendId = 0x0 (0)
  ECfgComponent memory (ECfg+0x0, 256 bytes):
    +0x000: 08 A4 7A 4C F6 7F 00 00 08 00 04 00 F7 4E 02 00  ..zL.........N..
    +0x010: 00 16 0F 5A CD 01 00 00 52 12 01 00 00 00 00 00  ...Z....R.......
    +0x020: F0 88 73 67 CE 01 00 00 D0 A8 7A 4C F6 7F 00 00  ..sg......zL....
    +0x030: 68 61 7A 4C F6 7F 00 00 02 00 0C 00 00 00 00 00  hazL............
    +0x040: 00 00 00 00 00 00 00 00 00 00 00 00 00 00 00 00  ................
    +0x050: 00 00 00 00 00 00 00 00 00 00 00 00 00 00 00 00  ................
    +0x060: 00 00 00 00 00 00 00 00 00 00 00 00 00 00 00 00  ................
    +0x070: 00 00 00 00 00 00 00 00 00 00 00 00 00 00 00 00  ................
    +0x080: 00 00 00 00 00 00 00 00 FF FF FF FF FF FF FF FF  ................
    +0x090: 01 06 42 05 00 00 00 00 00 00 00 00 00 00 00 00  ..B.............
    +0x0A0: 00 00 00 00 00 00 00 00 F0 88 73 67 CE 01 00 00  ..........sg....
    +0x0B0: 00 6E C8 33 CE 01 00 00 00 00 00 00 00 00 00 00  .n.3............
    +0x0C0: F0 88 73 67 CE 01 00 00 00 00 00 00 00 00 00 00  ..sg............
    +0x0D0: 00 00 00 00 00 00 00 00 00 00 00 00 00 00 00 00  ................
    +0x0E0: 00 00 00 00 00 00 00 00 00 00 00 00 00 00 00 00  ................
    +0x0F0: 00 00 00 00 00 00 00 00 00 00 00 00 80 00 00 00  ................
  ECfgComponent memory (ECfg+0x100, 256 bytes):
    +0x100: FF FF FF FF 00 00 00 00 00 00 00 00 00 00 00 00  ................
    +0x110: 00 00 00 00 00 00 00 00 00 00 00 00 00 00 00 00  ................
    +0x120: 00 00 00 00 00 00 00 00 00 00 00 00 00 00 00 00  ................
    +0x130: 00 00 00 00 00 00 00 00 00 00 00 00 00 00 80 3F  ...............?
    +0x140: 00 00 00 00 00 00 00 00 00 00 00 00 00 00 00 00  ................
    +0x150: 00 00 00 00 00 00 00 00 00 00 00 00 00 00 00 00  ................
    +0x160: 00 00 00 00 00 00 00 00 00 00 00 00 00 00 00 00  ................
    +0x170: 00 00 00 00 00 00 00 00 00 00 00 00 80 00 00 00  ................
    +0x180: FF FF FF FF 00 00 00 00 00 00 00 00 00 00 00 00  ................
    +0x190: 00 00 00 00 00 00 00 00 00 00 00 00 00 00 00 00  ................
    +0x1A0: 00 00 00 00 00 00 00 00 00 00 00 00 00 00 00 00  ................
    +0x1B0: 00 00 00 00 00 00 00 00 00 00 00 00 00 00 00 00  ................
    +0x1C0: 00 00 00 00 00 00 00 00 00 00 00 00 80 00 00 00  ................
    +0x1D0: FF FF FF FF 00 00 00 00 00 00 00 00 00 00 00 00  ................
    +0x1E0: 00 00 00 00 00 00 00 00 00 00 00 00 00 00 00 00  ................
    +0x1F0: 00 00 00 00 00 00 00 00 00 00 00 00 00 00 00 00  ................
  ECfgComponent memory (ECfg+0x200, 64 bytes):
    +0x200: 00 00 00 00 00 00 00 00 00 00 00 00 00 00 00 00  ................
    +0x210: 00 00 00 00 00 00 00 00 00 00 00 00 80 00 00 00  ................
    +0x220: FF FF FF FF 00 00 00 00 00 00 00 00 00 00 00 00  ................
    +0x230: 00 00 00 00 00 00 00 00 00 00 00 00 00 00 00 00  ................
  EGameplay memory (actor+0x200, 512 bytes):
    +0x200: 00 00 00 00 00 00 00 00 00 00 00 00 00 00 00 00  ................
    +0x210: 00 00 00 00 00 00 00 00 00 00 00 00 00 00 00 00  ................
    +0x220: E8 CE 7C 4C F6 7F 00 00 10 00 00 00 00 00 80 42  ..|L...........B
    +0x230: 00 00 00 00 00 00 00 00 00 00 00 00 00 00 00 00  ................
    +0x240: 00 00 00 00 00 00 00 00 00 00 00 00 00 00 00 00  ................
    +0x250: 00 00 00 00 00 00 00 00 00 00 00 00 00 00 00 00  ................
    +0x260: 0A D7 2F 41 00 00 00 00 00 00 00 00 00 00 00 00  ../A............
    +0x270: 00 00 00 00 00 00 00 00 00 00 00 00 00 00 00 00  ................
    +0x280: 00 00 00 00 00 00 00 00 40 2A EB 34 CE 01 00 00  ........@*.4....
    +0x290: 02 00 00 00 04 00 00 00 03 00 00 00 00 00 00 00  ................
    +0x2A0: 00 00 00 00 00 00 00 00 00 00 00 00 00 00 00 00  ................
    +0x2B0: 02 00 00 00 80 00 00 00 FF FF FF FF 00 00 00 00  ................
    +0x2C0: 01 00 00 00 00 00 00 00 00 00 00 00 00 00 00 00  ................
    +0x2D0: 01 00 00 00 00 00 00 00 00 00 00 00 00 00 00 00  ................
    +0x2E0: 00 00 00 00 00 00 00 00 00 00 00 00 00 00 00 00  ................
    +0x2F0: 00 00 00 00 00 00 00 00 00 00 00 00 00 00 00 00  ................
    +0x300: 00 00 00 00 00 00 00 00 00 00 00 00 00 00 00 00  ................
    +0x310: 00 00 00 00 00 00 00 00 00 00 00 00 00 00 00 00  ................
    +0x320: 80 D7 6A 6B CE 01 00 00 00 00 00 00 00 00 00 00  ..jk............
    +0x330: 00 00 00 00 00 00 00 00 00 00 00 00 00 00 00 00  ................
    +0x340: 00 00 00 00 00 00 00 00 00 00 00 00 00 00 00 00  ................
    +0x350: 00 00 00 00 00 00 00 00 00 00 00 00 00 00 00 00  ................
    +0x360: 00 00 00 00 00 00 00 00 00 00 00 00 00 00 00 00  ................
    +0x370: 00 00 00 00 00 00 00 00 00 00 00 00 00 00 00 00  ................
    +0x380: 00 00 00 00 00 00 00 00 00 00 00 00 00 00 00 00  ................
    +0x390: 00 00 00 00 00 00 00 00 00 00 00 00 00 00 00 00  ................
    +0x3A0: 00 00 00 00 00 00 00 00 00 00 00 00 00 00 00 00  ................
    +0x3B0: 00 00 00 00 00 00 00 00 00 00 00 00 00 00 00 00  ................
    +0x3C0: 00 00 00 00 00 00 00 00 00 00 00 00 00 00 00 00  ................
    +0x3D0: 00 00 00 00 00 00 00 00 00 00 00 00 00 00 00 00  ................
    +0x3E0: 00 00 00 00 00 00 00 00 00 00 00 00 00 00 00 00  ................
    +0x3F0: 00 00 00 00 00 00 00 00 00 00 00 00 00 00 00 00  ................
  EGameplay memory (actor+0x400, 512 bytes):
    +0x400: 00 00 00 00 00 00 00 00 00 00 00 00 00 00 00 00  ................
    +0x410: 00 00 00 00 00 00 00 00 00 00 00 00 00 00 00 00  ................
    +0x420: 00 00 00 00 00 00 00 00 00 00 00 00 00 00 00 00  ................
    +0x430: 00 00 00 00 00 00 00 00 00 00 00 00 00 00 00 00  ................
    +0x440: 00 00 00 00 00 00 00 00 00 00 00 00 00 00 00 00  ................
    +0x450: 00 00 00 00 00 00 00 00 00 00 00 00 00 00 00 00  ................
    +0x460: 00 00 00 00 00 00 00 00 00 00 00 00 00 00 00 00  ................
    +0x470: 00 00 00 00 00 00 00 00 00 00 00 00 00 00 00 00  ................
    +0x480: 00 00 00 00 00 00 00 00 00 00 00 00 00 00 00 00  ................
    +0x490: 00 00 00 00 00 00 00 00 00 00 00 00 00 00 00 00  ................
    +0x4A0: 00 00 00 00 00 00 00 00 00 00 00 00 00 00 00 00  ................
    +0x4B0: 00 00 00 00 00 00 00 00 00 00 00 00 00 00 00 00  ................
    +0x4C0: 00 00 00 00 00 00 00 00 00 00 00 00 00 00 00 00  ................
    +0x4D0: 00 00 00 00 00 00 00 00 00 00 00 00 00 00 00 00  ................
    +0x4E0: 80 11 7F 4A CE 01 00 00 00 00 00 00 00 00 00 00  ...J............
    +0x4F0: 00 00 00 00 00 00 00 00 00 00 00 00 00 00 00 00  ................
    +0x500: 00 00 00 00 00 00 00 00 00 00 00 00 00 00 00 00  ................
    +0x510: 00 00 00 00 00 00 00 00 00 00 00 00 00 00 00 00  ................
    +0x520: 00 00 00 00 00 00 00 00 00 00 00 00 00 00 00 00  ................
    +0x530: 00 00 00 00 00 00 00 00 00 00 00 00 00 00 00 00  ................
    +0x540: 00 00 00 00 00 00 00 00 00 00 00 00 00 00 00 00  ................
    +0x550: 00 00 00 00 00 00 00 00 00 00 00 00 00 00 00 00  ................
    +0x560: 00 00 00 00 00 00 00 00 00 00 00 00 00 00 00 00  ................
    +0x570: 00 00 00 00 00 00 00 00 00 00 00 00 00 00 00 00  ................
    +0x580: 00 00 00 00 00 00 00 00 00 00 00 00 00 00 00 00  ................
    +0x590: 00 00 00 00 00 00 00 00 00 00 00 00 00 00 00 00  ................
    +0x5A0: 00 00 00 00 00 00 00 00 00 00 00 00 00 00 00 00  ................
    +0x5B0: 00 00 00 00 00 00 00 00 00 00 00 00 00 00 00 00  ................
    +0x5C0: 00 00 00 00 00 00 00 00 00 00 00 00 00 00 00 00  ................
    +0x5D0: 00 00 00 00 00 00 00 00 00 00 00 00 00 00 00 00  ................
    +0x5E0: 00 00 00 00 00 00 00 00 00 00 00 00 00 00 00 00  ................
    +0x5F0: 00 00 00 00 00 00 00 00 00 00 00 00 00 00 00 00  ................
  EGameplay memory (actor+0x600, 296 bytes):
    +0x600: FF FF FF FF 00 00 00 00 01 01 00 00 83 C5 0C 3E  ...............>
    +0x610: 00 00 00 00 01 00 00 00 00 00 00 00 00 01 00 00  ................
    +0x620: 9A 88 88 3D 00 00 00 00 00 00 00 00 00 00 00 00  ...=............
    +0x630: 00 00 00 00 00 00 00 00 00 00 00 00 00 00 00 00  ................
    +0x640: 00 00 00 00 00 00 00 00 00 00 00 00 00 00 00 00  ................
    +0x650: 00 00 00 00 00 00 00 00 00 00 00 00 00 00 00 00  ................
    +0x660: 00 00 00 00 00 00 00 00 00 00 00 00 00 00 00 00  ................
    +0x670: 00 00 00 00 00 00 00 00 00 00 00 00 00 00 00 00  ................
    +0x680: 00 00 00 00 00 00 00 00 00 00 00 00 00 00 00 00  ................
    +0x690: 00 00 00 00 00 00 00 00 00 00 00 00 00 00 00 00  ................
    +0x6A0: 00 00 00 00 00 00 00 00 00 00 00 00 00 00 00 00  ................
    +0x6B0: 00 00 00 00 00 00 00 00 00 00 00 00 00 00 00 00  ................
    +0x6C0: 00 00 00 00 00 00 00 00 00 00 00 00 00 00 00 00  ................
    +0x6D0: 00 00 00 00 00 00 00 00 00 00 00 00 00 00 00 00  ................
    +0x6E0: 00 00 00 00 00 00 00 00 00 00 00 00 00 00 00 00  ................
    +0x6F0: 00 00 00 00 00 00 00 00 00 00 00 00 00 00 00 00  ................
    +0x700: 00 00 00 00 00 00 00 00 00 00 00 00 00 00 00 00  ................
    +0x710: 00 01 00 00 0B 00 00 00 00 00 00 00 00 00 00 00  ................
    +0x720: 01 00 00 00 00 00 00 00                          ........

--- EGameplay #2: EGameplay at 0x1CE6BB96930 ---
  Class: 'EGameplay'
  Position: (-3738.7, -4796.1, 1771.9)
  ECfgComponent at 0x1CE6E67C100
  CfgInfo raw (ECfg+0x120, 32 bytes):
    00 00 00 00 00 00 00 00 00 00 00 00 00 00 00 00 00 00 00 00 00 00 00 00 00 00 00 00 00 00 80 3F
  CfgInfo.ID = 0x0 (0) -> UNKNOWN
  CfgInfo.Type = 0x0 (0)
  CfgInfo.ExtendId = 0x0 (0)
  ECfgComponent memory (ECfg+0x0, 256 bytes):
    +0x000: 08 A4 7A 4C F6 7F 00 00 08 00 04 00 FE 4E 02 00  ..zL.........N..
    +0x010: 00 16 0F 5A CD 01 00 00 52 12 01 00 00 00 00 00  ...Z....R.......
    +0x020: 30 69 B9 6B CE 01 00 00 D0 A8 7A 4C F6 7F 00 00  0i.k......zL....
    +0x030: 68 61 7A 4C F6 7F 00 00 02 00 0C 00 00 00 00 00  hazL............
    +0x040: 00 00 00 00 00 00 00 00 00 00 00 00 00 00 00 00  ................
    +0x050: 00 00 00 00 00 00 00 00 00 00 00 00 00 00 00 00  ................
    +0x060: 00 00 00 00 00 00 00 00 00 00 00 00 00 00 00 00  ................
    +0x070: 00 00 00 00 00 00 00 00 00 00 00 00 00 00 00 00  ................
    +0x080: 00 00 00 00 00 00 00 00 FF FF FF FF FF FF FF FF  ................
    +0x090: 01 06 42 05 00 00 00 00 00 00 00 00 00 00 00 00  ..B.............
    +0x0A0: 00 00 00 00 00 00 00 00 30 69 B9 6B CE 01 00 00  ........0i.k....
    +0x0B0: 00 6E C8 33 CE 01 00 00 00 00 00 00 00 00 00 00  .n.3............
    +0x0C0: 30 69 B9 6B CE 01 00 00 00 00 00 00 00 00 00 00  0i.k............
    +0x0D0: 00 00 00 00 00 00 00 00 00 00 00 00 00 00 00 00  ................
    +0x0E0: 00 00 00 00 00 00 00 00 00 00 00 00 00 00 00 00  ................
    +0x0F0: 00 00 00 00 00 00 00 00 00 00 00 00 80 00 00 00  ................
  ECfgComponent memory (ECfg+0x100, 256 bytes):
    +0x100: FF FF FF FF 00 00 00 00 00 00 00 00 00 00 00 00  ................
    +0x110: 00 00 00 00 00 00 00 00 00 00 00 00 00 00 00 00  ................
    +0x120: 00 00 00 00 00 00 00 00 00 00 00 00 00 00 00 00  ................
    +0x130: 00 00 00 00 00 00 00 00 00 00 00 00 00 00 80 3F  ...............?
    +0x140: 00 00 00 00 00 00 00 00 00 00 00 00 00 00 00 00  ................
    +0x150: 00 00 00 00 00 00 00 00 00 00 00 00 00 00 00 00  ................
    +0x160: 00 00 00 00 00 00 00 00 00 00 00 00 00 00 00 00  ................
    +0x170: 00 00 00 00 00 00 00 00 00 00 00 00 80 00 00 00  ................
    +0x180: FF FF FF FF 00 00 00 00 00 00 00 00 00 00 00 00  ................
    +0x190: 00 00 00 00 00 00 00 00 00 00 00 00 00 00 00 00  ................
    +0x1A0: 00 00 00 00 00 00 00 00 00 00 00 00 00 00 00 00  ................
    +0x1B0: 00 00 00 00 00 00 00 00 00 00 00 00 00 00 00 00  ................
    +0x1C0: 00 00 00 00 00 00 00 00 00 00 00 00 80 00 00 00  ................
    +0x1D0: FF FF FF FF 00 00 00 00 00 00 00 00 00 00 00 00  ................
    +0x1E0: 00 00 00 00 00 00 00 00 00 00 00 00 00 00 00 00  ................
    +0x1F0: 00 00 00 00 00 00 00 00 00 00 00 00 00 00 00 00  ................
  ECfgComponent memory (ECfg+0x200, 64 bytes):
    +0x200: 00 00 00 00 00 00 00 00 00 00 00 00 00 00 00 00  ................
    +0x210: 00 00 00 00 00 00 00 00 00 00 00 00 80 00 00 00  ................
    +0x220: FF FF FF FF 00 00 00 00 00 00 00 00 00 00 00 00  ................
    +0x230: 00 00 00 00 00 00 00 00 00 00 00 00 00 00 00 00  ................
  EGameplay memory (actor+0x200, 512 bytes):
    +0x200: 00 00 00 00 00 00 00 00 00 00 00 00 00 00 00 00  ................
    +0x210: 00 00 00 00 00 00 00 00 00 00 00 00 00 00 00 00  ................
    +0x220: E8 CE 7C 4C F6 7F 00 00 10 00 00 00 00 00 80 42  ..|L...........B
    +0x230: 00 00 00 00 00 00 00 00 00 00 00 00 00 00 00 00  ................
    +0x240: 00 00 00 00 00 00 00 00 00 00 00 00 00 00 00 00  ................
    +0x250: 00 00 00 00 00 00 00 00 00 00 00 00 00 00 00 00  ................
    +0x260: 0A D7 2F 41 00 00 00 00 00 00 00 00 00 00 00 00  ../A............
    +0x270: 00 00 00 00 00 00 00 00 00 00 00 00 00 00 00 00  ................
    +0x280: 00 00 00 00 00 00 00 00 00 43 EB 34 CE 01 00 00  .........C.4....
    +0x290: 02 00 00 00 04 00 00 00 03 00 00 00 00 00 00 00  ................
    +0x2A0: 00 00 00 00 00 00 00 00 00 00 00 00 00 00 00 00  ................
    +0x2B0: 02 00 00 00 80 00 00 00 FF FF FF FF 00 00 00 00  ................
    +0x2C0: 01 00 00 00 00 00 00 00 00 00 00 00 00 00 00 00  ................
    +0x2D0: 01 00 00 00 00 00 00 00 00 00 00 00 00 00 00 00  ................
    +0x2E0: 00 00 00 00 00 00 00 00 00 00 00 00 00 00 00 00  ................
    +0x2F0: 00 00 00 00 00 00 00 00 00 00 00 00 00 00 00 00  ................
    +0x300: 00 00 00 00 00 00 00 00 00 00 00 00 00 00 00 00  ................
    +0x310: 00 00 00 00 00 00 00 00 00 00 00 00 00 00 00 00  ................
    +0x320: 00 C1 67 6E CE 01 00 00 00 00 00 00 00 00 00 00  ..gn............
    +0x330: 00 00 00 00 00 00 00 00 00 00 00 00 00 00 00 00  ................
    +0x340: 00 00 00 00 00 00 00 00 00 00 00 00 00 00 00 00  ................
    +0x350: 00 00 00 00 00 00 00 00 00 00 00 00 00 00 00 00  ................
    +0x360: 00 00 00 00 00 00 00 00 00 00 00 00 00 00 00 00  ................
    +0x370: 00 00 00 00 00 00 00 00 00 00 00 00 00 00 00 00  ................
    +0x380: 00 00 00 00 00 00 00 00 00 00 00 00 00 00 00 00  ................
    +0x390: 00 00 00 00 00 00 00 00 00 00 00 00 00 00 00 00  ................
    +0x3A0: 00 00 00 00 00 00 00 00 00 00 00 00 00 00 00 00  ................
    +0x3B0: 00 00 00 00 00 00 00 00 00 00 00 00 00 00 00 00  ................
    +0x3C0: 00 00 00 00 00 00 00 00 00 00 00 00 00 00 00 00  ................
    +0x3D0: 00 00 00 00 00 00 00 00 00 00 00 00 00 00 00 00  ................
    +0x3E0: 00 00 00 00 00 00 00 00 00 00 00 00 00 00 00 00  ................
    +0x3F0: 00 00 00 00 00 00 00 00 00 00 00 00 00 00 00 00  ................
  EGameplay memory (actor+0x400, 512 bytes):
    +0x400: 00 00 00 00 00 00 00 00 00 00 00 00 00 00 00 00  ................
    +0x410: 00 00 00 00 00 00 00 00 00 00 00 00 00 00 00 00  ................
    +0x420: 00 00 00 00 00 00 00 00 00 00 00 00 00 00 00 00  ................
    +0x430: 00 00 00 00 00 00 00 00 00 00 00 00 00 00 00 00  ................
    +0x440: 00 00 00 00 00 00 00 00 00 00 00 00 00 00 00 00  ................
    +0x450: 00 00 00 00 00 00 00 00 00 00 00 00 00 00 00 00  ................
    +0x460: 00 00 00 00 00 00 00 00 00 00 00 00 00 00 00 00  ................
    +0x470: 00 00 00 00 00 00 00 00 00 00 00 00 00 00 00 00  ................
    +0x480: 00 00 00 00 00 00 00 00 00 00 00 00 00 00 00 00  ................
    +0x490: 00 00 00 00 00 00 00 00 00 00 00 00 00 00 00 00  ................
    +0x4A0: 00 00 00 00 00 00 00 00 00 00 00 00 00 00 00 00  ................
    +0x4B0: 00 00 00 00 00 00 00 00 00 00 00 00 00 00 00 00  ................
    +0x4C0: 00 00 00 00 00 00 00 00 00 00 00 00 00 00 00 00  ................
    +0x4D0: 00 00 00 00 00 00 00 00 00 00 00 00 00 00 00 00  ................
    +0x4E0: 00 79 49 5A CE 01 00 00 00 00 00 00 00 00 00 00  .yIZ............
    +0x4F0: 00 00 00 00 00 00 00 00 00 00 00 00 00 00 00 00  ................
    +0x500: 00 00 00 00 00 00 00 00 00 00 00 00 00 00 00 00  ................
    +0x510: 00 00 00 00 00 00 00 00 00 00 00 00 00 00 00 00  ................
    +0x520: 00 00 00 00 00 00 00 00 00 00 00 00 00 00 00 00  ................
    +0x530: 00 00 00 00 00 00 00 00 00 00 00 00 00 00 00 00  ................
    +0x540: 00 00 00 00 00 00 00 00 00 00 00 00 00 00 00 00  ................
    +0x550: 00 00 00 00 00 00 00 00 00 00 00 00 00 00 00 00  ................
    +0x560: 00 00 00 00 00 00 00 00 00 00 00 00 00 00 00 00  ................
    +0x570: 00 00 00 00 00 00 00 00 00 00 00 00 00 00 00 00  ................
    +0x580: 00 00 00 00 00 00 00 00 00 00 00 00 00 00 00 00  ................
    +0x590: 00 00 00 00 00 00 00 00 00 00 00 00 00 00 00 00  ................
    +0x5A0: 00 00 00 00 00 00 00 00 00 00 00 00 00 00 00 00  ................
    +0x5B0: 00 00 00 00 00 00 00 00 00 00 00 00 00 00 00 00  ................
    +0x5C0: 00 00 00 00 00 00 00 00 00 00 00 00 00 00 00 00  ................
    +0x5D0: 00 00 00 00 00 00 00 00 00 00 00 00 00 00 00 00  ................
    +0x5E0: 00 00 00 00 00 00 00 00 00 00 00 00 00 00 00 00  ................
    +0x5F0: 00 00 00 00 00 00 00 00 00 00 00 00 00 00 00 00  ................
  EGameplay memory (actor+0x600, 296 bytes):
    +0x600: FF FF FF FF 00 00 00 00 01 01 00 00 83 C5 0C 3E  ...............>
    +0x610: 00 00 00 00 01 00 00 00 00 00 00 00 00 01 00 00  ................
    +0x620: 9A 88 88 3D 00 00 00 00 00 00 00 00 00 00 00 00  ...=............
    +0x630: 00 00 00 00 00 00 00 00 00 00 00 00 00 00 00 00  ................
    +0x640: 00 00 00 00 00 00 00 00 00 00 00 00 00 00 00 00  ................
    +0x650: 00 00 00 00 00 00 00 00 00 00 00 00 00 00 00 00  ................
    +0x660: 00 00 00 00 00 00 00 00 00 00 00 00 00 00 00 00  ................
    +0x670: 00 00 00 00 00 00 00 00 00 00 00 00 00 00 00 00  ................
    +0x680: 00 00 00 00 00 00 00 00 00 00 00 00 00 00 00 00  ................
    +0x690: 00 00 00 00 00 00 00 00 00 00 00 00 00 00 00 00  ................
    +0x6A0: 00 00 00 00 00 00 00 00 00 00 00 00 00 00 00 00  ................
    +0x6B0: 00 00 00 00 00 00 00 00 00 00 00 00 00 00 00 00  ................
    +0x6C0: 00 00 00 00 00 00 00 00 00 00 00 00 00 00 00 00  ................
    +0x6D0: 00 00 00 00 00 00 00 00 00 00 00 00 00 00 00 00  ................
    +0x6E0: 00 00 00 00 00 00 00 00 00 00 00 00 00 00 00 00  ................
    +0x6F0: 00 00 00 00 00 00 00 00 00 00 00 00 00 00 00 00  ................
    +0x700: 00 00 00 00 00 00 00 00 00 00 00 00 00 00 00 00  ................
    +0x710: 00 01 00 00 0A 00 00 00 00 00 00 00 00 00 00 00  ................
    +0x720: 01 00 00 00 00 00 00 00                          ........


--- Quick Scan Summary ---
  Event: UNKNOWN(0x0) | CfgID=0x0 | pos=(0, 0) | EGameplay=0x1CE62228100
  Event: UNKNOWN(0x0) | CfgID=0x0 | pos=(0, 0) | EGameplay=0x1CE677388F0
  Event: UNKNOWN(0x0) | CfgID=0x0 | pos=(-3739, -4796) | EGameplay=0x1CE6BB96930

--- Quick Scan Summary ---
  [other] Unknown_0x0 | CfgID=0x0 | pos=(0, 0) | EGameplay=0x1CE62228100
  [other] Unknown_0x0 | CfgID=0x0 | pos=(0, 0) | EGameplay=0x1CE677388F0
  [other] Unknown_0x0 | CfgID=0x0 | pos=(-3739, -4796) | EGameplay=0x1CE6BB96930
Saved to event_scan_20260223_191023.txt

