Running EGameplay explorer...
=== EGameplay Explorer ===
Found 4 EGameplay, 1 ECfgComponent
Matched pairs: 0

--- EGameplay #0: EGameplay at 0x1CD5A0F52C0 ---
  No ECfgComponent (base gameplay controller)
  EGameplay memory dump (actor+0x200, 256 bytes):
    +0x200: FF FF FF FF 00 00 00 00 00 00 00 00 00 00 00 00  ................
    +0x210: 00 00 00 00 00 00 00 00 A0 0F 00 02 00 00 00 00  ................
    +0x220: 00 00 00 00 00 00 00 00 00 00 00 00 00 00 00 00  ................
    +0x230: 00 00 00 00 00 00 00 00 00 00 00 00 00 00 00 00  ................
    +0x240: 10 42 BA 4C F6 7F 00 00 43 00 00 00 1A 04 00 00  .B.L....C.......
    +0x250: C0 BE 13 5A CD 01 00 00 8D 50 06 00 00 00 00 00  ...Z.....P......
    +0x260: 40 84 C9 5A CD 01 00 00 00 00 00 00 00 00 00 00  @..Z............
    +0x270: A0 6F 71 59 CD 01 00 00 03 00 00 00 00 00 00 00  .oqY............
    +0x280: C0 F4 0E 5A CD 01 00 00 40 5D AF 21 CD 01 00 00  ...Z....@].!....
    +0x290: 80 7C AE 21 CD 01 00 00 30 01 00 00 08 00 00 00  .|.!....0.......
    +0x2A0: 00 00 00 00 00 00 00 00 00 00 00 00 00 00 00 00  ................
    +0x2B0: 80 7C AE 21 CD 01 00 00 80 7C AE 21 CD 01 00 00  .|.!.....|.!....
    +0x2C0: 00 00 00 00 00 00 00 00 80 27 D9 6B CD 01 00 00  .........'.k....
    +0x2D0: 00 00 00 00 00 00 00 00 00 00 00 00 00 00 00 00  ................
    +0x2E0: 00 00 00 00 00 00 00 00 00 00 00 00 00 00 00 00  ................
    +0x2F0: 80 CF D1 49 F6 7F 00 00 F0 F3 0A 48 F6 7F 00 00  ...I.......H....

--- EGameplay #1: EGameplay at 0x1CE70B721C0 ---
  Position: (0.0, 0.0, 0.0)
  No ECfgComponent (base gameplay controller)
  EGameplay memory dump (actor+0x200, 256 bytes):
    +0x200: 00 00 00 00 00 00 00 00 00 00 00 00 00 00 00 00  ................
    +0x210: 00 00 00 00 00 00 00 00 00 00 00 00 00 00 00 00  ................
    +0x220: E8 CE 7C 4C F6 7F 00 00 10 00 00 00 00 00 80 42  ..|L...........B
    +0x230: 00 00 00 00 00 00 00 00 00 00 00 00 00 00 00 00  ................
    +0x240: 00 00 00 00 00 00 00 00 00 00 00 00 00 00 00 00  ................
    +0x250: 00 00 00 00 00 00 00 00 00 00 00 00 00 00 00 00  ................
    +0x260: 0A D7 2F 41 00 00 00 00 00 00 00 00 00 00 00 00  ../A............
    +0x270: 00 00 00 00 00 00 00 00 00 00 00 00 00 00 00 00  ................
    +0x280: 00 00 00 00 00 00 00 00 40 99 89 58 CE 01 00 00  ........@..X....
    +0x290: 02 00 00 00 04 00 00 00 03 00 00 00 00 00 00 00  ................
    +0x2A0: 00 00 00 00 00 00 00 00 00 00 00 00 00 00 00 00  ................
    +0x2B0: 02 00 00 00 80 00 00 00 FF FF FF FF 00 00 00 00  ................
    +0x2C0: 01 00 00 00 00 00 00 00 00 00 00 00 00 00 00 00  ................
    +0x2D0: 01 00 00 00 00 00 00 00 00 00 00 00 00 00 00 00  ................
    +0x2E0: 00 00 00 00 00 00 00 00 00 00 00 00 00 00 00 00  ................
    +0x2F0: 00 00 00 00 00 00 00 00 00 00 00 00 00 00 00 00  ................

--- EGameplay #2: EGameplay at 0x1CE677311E0 ---
  Position: (6050.0, -2400.0, 3600.0)
  No ECfgComponent (base gameplay controller)
  EGameplay memory dump (actor+0x200, 256 bytes):
    +0x200: 00 00 00 00 00 00 00 00 00 00 00 00 00 00 00 00  ................
    +0x210: 00 00 00 00 00 00 00 00 00 00 00 00 00 00 00 00  ................
    +0x220: E8 CE 7C 4C F6 7F 00 00 10 00 00 00 00 00 80 42  ..|L...........B
    +0x230: 00 00 00 00 00 00 00 00 00 00 00 00 00 00 00 00  ................
    +0x240: 00 00 00 00 00 00 00 00 00 00 00 00 00 00 00 00  ................
    +0x250: 00 00 00 00 00 00 00 00 00 00 00 00 00 00 00 00  ................
    +0x260: 0A D7 2F 41 00 00 00 00 00 00 00 00 00 00 00 00  ../A............
    +0x270: 00 00 00 00 00 00 00 00 00 00 00 00 00 00 00 00  ................
    +0x280: 00 00 00 00 00 00 00 00 60 D6 89 58 CE 01 00 00  ........`..X....
    +0x290: 02 00 00 00 04 00 00 00 03 00 00 00 00 00 00 00  ................
    +0x2A0: 00 00 00 00 00 00 00 00 00 00 00 00 00 00 00 00  ................
    +0x2B0: 02 00 00 00 80 00 00 00 FF FF FF FF 00 00 00 00  ................
    +0x2C0: 01 00 00 00 00 00 00 00 00 00 00 00 00 00 00 00  ................
    +0x2D0: 01 00 00 00 00 00 00 00 00 00 00 00 00 00 00 00  ................
    +0x2E0: 00 00 00 00 00 00 00 00 00 00 00 00 00 00 00 00  ................
    +0x2F0: 00 00 00 00 00 00 00 00 00 00 00 00 00 00 00 00  ................

--- EGameplay #3: EGameplay at 0x1CE3B68C080 ---
  Position: (0.0, 0.0, 0.0)
  No ECfgComponent (base gameplay controller)
  EGameplay memory dump (actor+0x200, 256 bytes):
    +0x200: 00 00 00 00 00 00 00 00 00 00 00 00 00 00 00 00  ................
    +0x210: 00 00 00 00 00 00 00 00 00 00 00 00 00 00 00 00  ................
    +0x220: E8 CE 7C 4C F6 7F 00 00 10 00 00 00 00 00 80 42  ..|L...........B
    +0x230: 00 00 00 00 00 00 00 00 00 00 00 00 00 00 00 00  ................
    +0x240: 00 00 00 00 00 00 00 00 00 00 00 00 00 00 00 00  ................
    +0x250: 00 00 00 00 00 00 00 00 00 00 00 00 00 00 00 00  ................
    +0x260: 0A D7 2F 41 00 00 00 00 00 00 00 00 00 00 00 00  ../A............
    +0x270: 00 00 00 00 00 00 00 00 00 00 00 00 00 00 00 00  ................
    +0x280: 00 00 00 00 00 00 00 00 80 80 89 58 CE 01 00 00  ...........X....
    +0x290: 02 00 00 00 04 00 00 00 03 00 00 00 00 00 00 00  ................
    +0x2A0: 00 00 00 00 00 00 00 00 00 00 00 00 00 00 00 00  ................
    +0x2B0: 02 00 00 00 80 00 00 00 FF FF FF FF 00 00 00 00  ................
    +0x2C0: 01 00 00 00 00 00 00 00 00 00 00 00 00 00 00 00  ................
    +0x2D0: 01 00 00 00 00 00 00 00 00 00 00 00 00 00 00 00  ................
    +0x2E0: 00 00 00 00 00 00 00 00 00 00 00 00 00 00 00 00  ................
    +0x2F0: 00 00 00 00 00 00 00 00 00 00 00 00 00 00 00 00  ................


--- Quick Scan Summary ---
  No events with ECfgComponent found
Saved to event_scan_20260223_183743.txt

